<?xml version="1.0"?>
<opencv_storage>
<err_first>9.1358251442122104e-02</err_first>
<cameraMatrix type_id="opencv-matrix">
  <rows>3</rows>
  <cols>3</cols>
  <dt>d</dt>
  <data>
    2.2478999847253044e+03 0. 1.2879432210035782e+03 0.
    2.2476753339443098e+03 4.9827857146878461e+02 0. 0. 1.</data></cameraMatrix>
<distCoeffs type_id="opencv-matrix">
  <rows>1</rows>
  <cols>5</cols>
  <dt>d</dt>
  <data>
    -2.1062092986081354e-01 1.6608829199395803e-01
    1.1351303646391123e-03 -1.7335356913888037e-04 0.</data></distCoeffs>
</opencv_storage>
