<?xml version="1.0"?>
<opencv_storage>
<r type_id="opencv-matrix">
  <rows>3</rows>
  <cols>1</cols>
  <dt>d</dt>
  <data>
    -1.4926081736360550e+02 1.0828525655238197e+00
    -2.3698429637949081e+00</data></r>
<rvecsMat type_id="opencv-matrix">
  <rows>3</rows>
  <cols>3</cols>
  <dt>d</dt>
  <data>
    9.9943348878490890e-01 -5.3789510955136628e-03
    3.3223009802513026e-02 -2.1596294905648430e-02
    -8.5960784407140667e-01 5.1049775166719047e-01
    2.5812817389313937e-02 -5.1092604288294052e-01
    -8.5923703200130153e-01</data></rvecsMat>
<tvecsMat type_id="opencv-matrix">
  <rows>3</rows>
  <cols>1</cols>
  <dt>d</dt>
  <data>
    -1.8546689094420549e+02 2.1724391446124763e+01
    3.8353472747831779e+02</data></tvecsMat>
</opencv_storage>
