<?xml version="1.0"?>
<opencv_storage>
<r type_id="opencv-matrix">
  <rows>3</rows>
  <cols>1</cols>
  <dt>d</dt>
  <data>
    -1.8655861835527572e+00 -7.2050243975846314e+01
    7.4391623997305345e-01</data></r>
<rvecsMat type_id="opencv-matrix">
  <rows>3</rows>
  <cols>3</cols>
  <dt>d</dt>
  <data>
    3.0818192728489080e-01 8.0910746413342810e-03
    -9.5129303277492705e-01 2.7731390134074760e-02
    9.9946248380538250e-01 1.7484663760200574e-02 9.5092316708354618e-01
    -3.1769135599255573e-02 3.0779189776060401e-01</data></rvecsMat>
<tvecsMat type_id="opencv-matrix">
  <rows>3</rows>
  <cols>1</cols>
  <dt>d</dt>
  <data>
    -4.0337593877530242e+02 -9.9319770907706697e+01
    -7.9601413485422222e+02</data></tvecsMat>
</opencv_storage>
