<?xml version="1.0"?>
<opencv_storage>
<r type_id="opencv-matrix">
  <rows>3</rows>
  <cols>1</cols>
  <dt>d</dt>
  <data>
    1.7005653477479109e+02 -2.0310909257378951e+00
    -7.2152233166502677e+00</data></r>
<rvecsMat type_id="opencv-matrix">
  <rows>3</rows>
  <cols>3</cols>
  <dt>d</dt>
  <data>
    9.9615006961091301e-01 -1.6468818267007194e-02
    -8.6103523964249806e-02 -3.0866673763066569e-02
    -9.8518945404128644e-01 -1.6866827827613695e-01
    -8.2050516543031388e-02 1.7067664652998149e-01
    -9.8190488086387551e-01</data></rvecsMat>
<tvecsMat type_id="opencv-matrix">
  <rows>3</rows>
  <cols>1</cols>
  <dt>d</dt>
  <data>
    -4.5559219892421157e+02 5.2359121065213166e+01
    3.9532791184833502e+02</data></tvecsMat>
<err>6.7535543158460447e+00</err>
<RSSE>2.3394998413442838e+01</RSSE>
</opencv_storage>
