<?xml version="1.0"?>
<opencv_storage>
<r type_id="opencv-matrix">
  <rows>3</rows>
  <cols>1</cols>
  <dt>d</dt>
  <data>
    -3.1162817968444187e+01 2.3880090601616586e+00
    -6.3550005397603204e-01</data></r>
<rvecsMat type_id="opencv-matrix">
  <rows>3</rows>
  <cols>3</cols>
  <dt>d</dt>
  <data>
    9.9909277901441063e-01 -5.0656733807974766e-04
    4.2583592037241248e-02 -2.1605387684903100e-02
    8.5566273495571388e-01 5.1708267349727799e-01
    -3.6699130020304886e-02 -5.1753360025957695e-01
    8.5487551518224747e-01</data></rvecsMat>
<tvecsMat type_id="opencv-matrix">
  <rows>3</rows>
  <cols>1</cols>
  <dt>d</dt>
  <data>
    -1.8592421702610605e+02 -5.5611543295535284e+01
    3.6525856097110062e+02</data></tvecsMat>
</opencv_storage>
