<?xml version="1.0"?>
<opencv_storage>
<PNP_r type_id="opencv-matrix">
  <rows>3</rows>
  <cols>1</cols>
  <dt>d</dt>
  <data>
    1.5189575788257440e+02 3.6205127904471568e+00
    -1.4327383921560550e+01</data></PNP_r>
<PNP_rvecsMat type_id="opencv-matrix">
  <rows>3</rows>
  <cols>3</cols>
  <dt>d</dt>
  <data>
    9.8229818878704878e-01 8.7762596597977069e-02
    -1.6549318700195387e-01 1.3925682307531079e-03
    -8.8685658453788407e-01 -4.6204270280518628e-01
    -1.8731878992617274e-01 4.5363324955318224e-01
    -8.7127983210930271e-01</data></PNP_rvecsMat>
<PNP_tvecsMat type_id="opencv-matrix">
  <rows>3</rows>
  <cols>1</cols>
  <dt>d</dt>
  <data>
    -4.5367751390641723e+02 3.8147577525049066e+01
    4.0976359885070957e+02</data></PNP_tvecsMat>
<CERES_r type_id="opencv-matrix">
  <rows>3</rows>
  <cols>1</cols>
  <dt>d</dt>
  <data>
    1.5626645667546754e+02 1.3372070747273275e+00
    -5.1099090337496413e+00</data></CERES_r>
<CERES_rvecsMat type_id="opencv-matrix">
  <rows>3</rows>
  <cols>3</cols>
  <dt>d</dt>
  <data>
    9.9781338028794753e-01 2.9484466011674079e-02
    -5.9153397048225538e-02 3.2702988070297621e-03
    -9.1591274657880462e-01 -4.0136410626784130e-01
    -6.6013356709466925e-02 4.0029302631756741e-01
    -9.1400641672663974e-01</data></CERES_rvecsMat>
<CERES_tvecsMat type_id="opencv-matrix">
  <rows>3</rows>
  <cols>1</cols>
  <dt>d</dt>
  <data>
    -4.5909922834881229e+02 3.7411925472190369e+01
    3.7199049614344716e+02</data></CERES_tvecsMat>
<CERES_InitialCost>2.7939961791400223e+04</CERES_InitialCost>
<CERES_FinalCost>2.7428083063089893e+04</CERES_FinalCost>
</opencv_storage>
