<?xml version="1.0"?>
<opencv_storage>
<PNP_r type_id="opencv-matrix">
  <rows>3</rows>
  <cols>1</cols>
  <dt>d</dt>
  <data>
    1.6478728066129221e+02 -2.5866388409131708e-01
    -2.0576739006004281e+01</data></PNP_r>
<PNP_rvecsMat type_id="opencv-matrix">
  <rows>3</rows>
  <cols>3</cols>
  <dt>d</dt>
  <data>
    9.6974147377388498e-01 2.6788873041951489e-02
    -2.4265990670895085e-01 -3.2880250724905732e-02
    -9.7057403288701238e-01 -2.3854755458337423e-01
    -2.4190982442869460e-01 2.3930817572031005e-01
    -9.4032506819625694e-01</data></PNP_rvecsMat>
<PNP_tvecsMat type_id="opencv-matrix">
  <rows>3</rows>
  <cols>1</cols>
  <dt>d</dt>
  <data>
    -4.4404978783653195e+02 5.4149652564698890e+01
    4.4616434759013600e+02</data></PNP_tvecsMat>
<CERES_r type_id="opencv-matrix">
  <rows>3</rows>
  <cols>1</cols>
  <dt>d</dt>
  <data>
    1.6336668026243123e+02 -1.3511135374476355e-01
    -1.7559871472149190e+01</data></CERES_r>
<CERES_rvecsMat type_id="opencv-matrix">
  <rows>3</rows>
  <cols>3</cols>
  <dt>d</dt>
  <data>
    9.7758119638157537e-01 2.7300918137701784e-02
    -2.0878137931818996e-01 -3.0510359027965891e-02
    -9.6272704040424517e-01 -2.6874851379396936e-01
    -2.0833656057723532e-01 2.6909348848183079e-01
    -9.4031089113310107e-01</data></CERES_rvecsMat>
<CERES_tvecsMat type_id="opencv-matrix">
  <rows>3</rows>
  <cols>1</cols>
  <dt>d</dt>
  <data>
    -4.4809879973229584e+02 5.3177415154333453e+01
    4.3178686295979469e+02</data></CERES_tvecsMat>
<CERES_InitialCost>4.1158868354488632e+03</CERES_InitialCost>
<CERES_FinalCost>4.0720005178973606e+03</CERES_FinalCost>
</opencv_storage>
