[General]
CameraIp=169.254.221.118
SystemLoopType=0
UsingIMU=true
r11=9.9943348878490890e-01
r12=-5.3789510955136628e-03
r13=3.3223009802513026e-02
r21=-2.1596294905648430e-02
r22=-8.5960784407140667e-01
r23=5.1049775166719047e-01
r31=2.5812817389313937e-02
r32=-5.1092604288294052e-01
r33=-8.5923703200130153e-01
t1=-1.8546689094420549e+02
t2=2.1724391446124763e+01
t3=3.8353472747831779e+02
